kinematics:
  shoulder:
    x: 0
    y: 0
    z: 0.15209797982013123
    roll: -0
    pitch: 0
    yaw: 3.3221437972102974e-08
  upper_arm:
    x: -3.3864686946913876e-05
    y: 0
    z: 0
    roll: 1.5702648142654634
    pitch: 0
    yaw: 8.820349129086278e-07
  forearm:
    x: -0.24375638604586683
    y: 0
    z: 0
    roll: 3.1412985623642169
    pitch: 3.1408247677126351
    yaw: 3.1415907344034233
  wrist_1:
    x: -0.21345171617633313
    y: -0.00060522320976840892
    z: 0.13108010138065609
    roll: 0.0046171684536563109
    pitch: -0.0001055772151030849
    yaw: -6.2822765118363696e-07
  wrist_2:
    x: 8.9330440590558581e-06
    y: -0.085438080780801853
    z: -6.9222527825821715e-05
    roll: 1.5716065335791141
    pitch: 0
    yaw: 7.8825511244662305e-07
  wrist_3:
    x: -6.6850096940824304e-05
    y: 0.092194173042184843
    z: -8.3535252419048532e-05
    roll: 1.5698902475189256
    pitch: 3.1415926535897931
    yaw: -3.1415925249304917
  hash: calib_8672619134213134139